1 2 5
1 3 4
1 4 3
1 5 6
2 4 4
2 5 5
2 6 3
4 5 3
4 6 4
4 7 5
4 8 2
5 6 5
5 7 3
5 8 4
5 9 2
6 7 4
6 8 3
6 9 5
6 10 6
7 8 3
7 9 4
7 10 5
7 11 2
8 9 3
8 10 4
8 11 5
8 12 6
9 10 5
9 11 2
9 12 3
9 13 4
10 11 6
10 12 5
10 13 4
10 14 3
11 12 2
11 13 3
11 14 4
11 15 5
12 13 6
12 14 3
12 15 4
12 16 5
13 14 2
13 15 3
13 16 4
13 17 5
14 15 6
14 16 3
14 17 4
14 18 5
15 16 2
15 17 3
15 18 4
15 19 5
16 17 6
16 18 3
16 19 4
16 20 5
17 18 2
17 19 3
17 20 4
17 21 5
18 19 6
18 20 3
18 21 4
18 22 5
19 20 2
19 21 3
19 22 4
19 23 5
20 21 6
20 22 3
20 23 4
20 24 5
21 22 2
21 23 3
21 24 4
21 25 5
22 23 6
22 24 3
22 25 4
22 26 5
23 24 2
23 25 3
23 26 4
23 27 5
24 25 6
24 26 3
24 27 4
24 28 5
25 26 2
25 27 3
25 28 4
25 29 5
26 27 6
26 28 3
26 29 4
26 30 5
27 28 2
27 29 3
27 30 4
27 31 5
28 29 6
28 30 3
28 31 4
28 32 5
29 30 2
29 31 3
29 32 4
29 33 5
30 31 6
30 32 3
30 33 4
30 34 5
31 32 2
31 33 3
31 34 4
31 35 5
32 33 6
32 34 3
32 35 4
32 36 5
33 34 2
33 35 3
33 36 4
33 37 5
34 35 6
34 36 3
34 37 4
34 38 5
35 36 2
35 37 3
35 38 4
35 39 5
36 37 6
36 38 3
36 39 4
36 40 5
37 38 2
37 39 3
37 40 4
37 41 5
38 39 6
38 40 3
38 41 4
38 42 5
39 40 2
39 41 3
39 42 4
39 43 5
40 41 6
40 42 3
40 43 4
40 44 5
41 42 2
41 43 3
41 44 4
41 45 5
42 43 6
42 44 3
42 45 4
42 46 5
43 44 2
43 45 3
43 46 4
43 47 5
44 45 6
44 46 3
44 47 4
44 48 5
45 46 2
45 47 3
45 48 4
45 49 5
46 47 6
46 48 3
46 49 4
46 50 5
47 48 2
47 49 3
47 50 4
47 51 5
48 49 6
48 50 3
48 51 4
48 52 5
49 50 2
49 51 3
49 52 4
49 53 5
50 51 6
50 52 3
50 53 4
50 54 5
51 52 2
51 53 3
51 54 4
51 55 5
52 53 6
52 54 3
52 55 4
52 56 5
53 54 2
53 55 3
53 56 4
53 57 5
54 55 6
54 56 3
54 57 4
54 58 5
55 56 2
55 57 3
55 58 4
55 59 5
56 57 6
56 58 3
56 59 4
56 60 5
57 58 2
57 59 3
57 60 4
57 61 5
58 59 6
58 60 3
58 61 4
58 62 5
59 60 2
59 61 3
59 62 4
59 63 5
60 61 6
60 62 3
60 63 4
60 64 5
61 62 2
61 63 3
61 64 4
61 65 5
62 63 6
62 64 3
62 65 4
62 66 5
63 64 2
63 65 3
63 66 4
63 67 5
64 65 6
64 66 3
64 67 4
64 68 5
65 66 2
65 67 3
65 68 4
65 69 5
66 67 6
66 68 3
66 69 4
66 70 5
67 68 2
67 69 3
67 70 4
67 71 5
68 69 6
68 70 3
68 71 4
68 72 5
69 70 2
69 71 3
69 72 4
69 73 5
70 71 6
70 72 3
70 73 4
70 74 5
71 72 2
71 73 3
71 74 4
71 75 5
72 73 6
72 74 3
72 75 4
72 76 5
73 74 2
73 75 3
73 76 4
73 77 5
74 75 6
74 76 3
74 77 4
74 78 5
75 76 2
75 77 3
75 78 4
75 79 5
76 77 6
76 78 3
76 79 4
76 80 5
77 78 2
77 79 3
77 80 4
78 79 6
78 80 3
79 80 2